%YAML:1.0
---
K: !!opencv-matrix
   rows: 3
   cols: 3
   dt: d
   data: [ 7.2609890873604616e+02, 0., 9.0210234051745329e+02, 0.,
       9.3531987525273598e+02, 5.3542634128758186e+02, 0., 0., 1. ]
