%YAML:1.0
---
K: !!opencv-matrix
   rows: 3
   cols: 3
   dt: d
   data: [ 8.0048391122392695e+02, 0., 2.2235687574496603e+02, 0.,
       2.0436283880357123e+03, 2.9028203401501582e+02, 0., 0., 1. ]
