%YAML:1.0
---
K: !!opencv-matrix
   rows: 3
   cols: 3
   dt: d
   data: [ 8.4328638887622117e+02, 0., 9.7140686422460487e+02, 0.,
       9.7528836134791834e+02, 5.3819976361547879e+02, 0., 0., 1. ]
D: !!opencv-matrix
   rows: 1
   cols: 5
   dt: d
   data: [ -2.3279053716659965e-03, -8.0218495350425933e-04,
       4.8341460899333248e-03, 1.5194405926416562e-03,
       3.5547151162817613e-04 ]
R: !!opencv-matrix
   rows: 3
   cols: 1
   dt: d
   data: [ -4.8856631789072152e-01, 4.4310737822332480e-01,
       8.6001660722213963e-02 ]
t: !!opencv-matrix
   rows: 3
   cols: 1
   dt: d
   data: [ -3.0685986868365708e+03, -1.2814652184946660e+03,
       3.2989304511608498e+03 ]
P1: !!opencv-matrix
   rows: 3
   cols: 4
   dt: d
   data: [ -6.3544287376493878e+02, 0., 4.1865280723571777e+02, 0., 0.,
       -6.3544287376493878e+02, -2.7948366737365723e+02, 0., 0., 0., 1.,
       0. ]
P2: !!opencv-matrix
   rows: 3
   cols: 4
   dt: d
   data: [ -6.3544287376493878e+02, 0., 4.1865280723571777e+02,
       2.9765186842021029e+06, 0., -6.3544287376493878e+02,
       -2.7948366737365723e+02, 0., 0., 0., 1., 0. ]
Q: !!opencv-matrix
   rows: 4
   cols: 4
   dt: d
   data: [ 1., 0., 0., -4.1865280723571777e+02, 0., 1., 0.,
       2.7948366737365723e+02, 0., 0., 0., -6.3544287376493878e+02, 0.,
       0., 2.1348526288027586e-04, 0. ]
