%YAML:1.0
---
K: !!opencv-matrix
   rows: 3
   cols: 3
   dt: d
   data: [ 8.1427487204091983e+02, 0., 9.5806188583894379e+02, 0.,
       1.3787214464662661e+03, 5.5136185266444704e+02, 0., 0., 1. ]
